6.054 2.1642 0.00296806
6.47992 2.08619 0.314773
7.0364 2.38957 0.304805
7.43581 2.44119 0.309845
7.95971 2.57244 0.312711
8.27038 2.63287 0.313152
8.71261 2.59957 0.304121
9.12704 2.91414 0.309145
9.65396 3.04851 0.308468
10.0684 3.19298 0.309157
10.5874 3.39542 0.30534
10.9277 3.40755 0.307961
11.4428 3.58155 0.306561
12.0254 3.80264 0.305616
12.4122 3.80082 0.305575
13.1058 4.03253 0.296756
13.605 4.16977 0.300235
14.0613 4.43633 0.297494
14.7621 4.51099 0.293414
15.286 4.70863 0.290032
15.7584 4.8895 0.290399
16.2213 5.12949 0.286397
16.8927 5.20388 0.282162
17.6124 5.30147 0.283016
17.9751 5.55658 0.273948
18.6215 5.66186 0.278716
19.3139 6.10293 0.272222
20.0474 6.08092 0.269256
20.4474 6.1696 0.267241
21.2501 6.55316 0.257059
21.7939 6.52077 0.257144
22.4891 6.73462 0.254028
23.0854 6.96931 0.25748
23.7468 7.07914 0.257379
24.4663 7.23892 0.253124
25.2699 7.37912 0.246887
25.8481 7.68316 0.239708
26.5069 7.73998 0.241878
27.3206 7.99439 0.233199
28.0828 8.2732 0.231768
28.74 8.2465 0.222135
29.3941 8.58155 0.223918
30.1361 8.59983 0.217342
30.8541 8.68278 0.214366
31.7257 8.953 0.217038
32.4551 9.17956 0.209818
33.1422 9.29066 0.207287
34.1636 9.44356 0.20305
34.8497 9.4797 0.201791
35.8553 9.72643 0.197913
36.7013 9.84371 0.188579
37.3868 9.92266 0.197822
38.2576 10.263 0.193173
39.1491 10.4471 0.187134
39.9743 10.4752 0.184327
40.8011 10.8537 0.183542
41.5671 10.9122 0.182817
42.6386 10.9743 0.178587
43.4076 11.1267 0.170294
44.2777 11.3938 0.16812
45.0491 11.4543 0.167726
45.9205 11.5872 0.170823
47.0362 11.6758 0.164432
47.7419 11.9527 0.163251
48.8667 12.114 0.153783
49.766 12.0341 0.155183
50.6417 12.1918 0.147365
51.729 12.3684 0.149971
52.5469 12.7012 0.145644
53.745 12.723 0.147926
54.3854 12.9539 0.142306
55.5052 13.1782 0.140669
56.4784 13.1293 0.13929
57.5692 13.3233 0.136787
58.5135 13.3661 0.133413
59.3667 13.3961 0.134626
60.2437 13.6153 0.136494
61.2242 13.7904 0.128465
62.2753 13.8424 0.12137
63.4377 14.1136 0.12016
64.6002 14.1251 0.119207
65.5373 14.2981 0.117607
66.5134 14.4934 0.120667
67.627 14.6035 0.113638
68.331 14.7068 0.123327
69.5994 14.73 0.122752
70.8468 14.8435 0.112261
71.6819 14.9135 0.117025
72.9889 15.1196 0.101289
74.1276 15.3631 0.105328
75.1647 15.3281 0.102419
76.3247 15.5109 0.101719
77.1496 15.6895 0.0961917
78.3617 15.6755 0.102854
79.3877 15.9008 0.095937
80.5803 15.8002 0.0983467
81.7176 16.1377 0.0924167
83.1028 16.2771 0.0882001
83.9952 16.2896 0.0936625
85.3523 16.4174 0.0897029
86.0946 16.4421 0.0847801
87.5078 16.4301 0.0868987
88.7267 16.2798 0.0883784
89.8848 16.3752 0.0770382
90.6876 16.9741 0.0842398
92.1531 16.7506 0.0699435
93.3514 16.7898 0.0764477
94.3951 17.0249 0.0738638
95.5889 17.2038 0.07775
96.749 17.1925 0.0687902
98.2425 17.3671 0.0799063
99.2455 17.4802 0.0721348
100.102 17.4378 0.0736545
101.741 17.6949 0.0760923
102.793 17.6111 0.0676534
104.099 17.8311 0.0707216
105.325 17.8976 0.0704362
106.357 17.8471 0.0768044
107.565 17.7986 0.0723256
108.657 17.8963 0.0786309
109.924 18.2692 0.0744639
111.006 18.2335 0.0774544
112.289 18.2875 0.0733782
113.44 18.4492 0.074332
114.646 18.6565 0.0705663
115.979 18.6776 0.0677492
117.148 18.7254 0.0710213
118.12 18.8099 0.0761562
119.646 18.959 0.0706519
120.769 18.6767 0.0684426
122.009 19.0135 0.0660533
123.311 19.3723 0.0706394
124.449 19.3539 0.0745465
125.728 19.3862 0.0727686
126.983 19.4941 0.0761133
128.084 19.4692 0.0684997
129.326 19.6859 0.0637071
130.544 19.6264 0.0705097
131.79 19.6624 0.0750942
133.173 19.7806 0.0706416
134.478 19.922 0.067207
135.634 20.0448 0.0707201
137.012 20.167 0.0697903
138.164 20.2588 0.0733047
139.333 20.2162 0.0781839
140.529 20.4258 0.0790252
141.954 20.4664 0.0772754
143.298 20.5573 0.081058
144.638 20.4927 0.0855524
145.561 20.7127 0.0830965
146.852 20.8883 0.0864344
148.444 20.9399 0.0836401
149.763 21.0549 0.0833072
150.928 21.256 0.0759634
152.049 21.2936 0.0846846
153.379 21.195 0.0879656
154.501 21.5645 0.0843135
155.785 21.7267 0.0823065
157.097 21.6814 0.0810193
158.482 21.9733 0.0826293
159.862 22.1117 0.0826863
161.133 22.0177 0.0855531
162.411 22.2338 0.0820198
163.608 22.3219 0.0797189
164.872 22.4255 0.0767037
166.213 22.4326 0.077834
167.462 22.5616 0.077835
168.53 22.5763 0.0824955
170.026 22.7648 0.0751269
171.341 22.903 0.0708668
172.632 22.9216 0.0739618
173.731 23.1205 0.0761489
175.063 23.1048 0.0704808
176.572 23.3749 0.070249
177.876 23.4398 0.0724656
179.289 23.4998 0.071051
180.454 23.5552 0.0752202
181.619 23.6632 0.0742964
182.915 23.802 0.0753919
184.374 23.694 0.0704703
185.609 23.9165 0.0862574
187.095 24.0091 0.0695821
188.354 24.1456 0.070215
189.713 24.1908 0.0740435
191.07 24.2858 0.0735276
192.221 24.3701 0.0728767
193.583 24.601 0.0714931
194.776 24.7686 0.0738392
196.128 24.7103 0.076488
197.587 24.8095 0.0733919
198.953 24.8878 0.0785677
200.191 24.988 0.076201
201.514 25.2212 0.079634
202.719 25.2369 0.072637
204.167 25.2003 0.0766259
205.58 25.3867 0.0748705
206.752 25.5248 0.0791055
208.022 25.3533 0.0753492
209.595 25.649 0.0666123
210.95 25.7352 0.0746935
212.395 25.8036 0.0772537
213.769 25.9785 0.0732927
215.105 26.0246 0.0775319
216.451 26.2207 0.0765073
217.575 26.2862 0.0670649
218.893 26.2178 0.0714752
220.273 26.5177 0.0707855
221.481 26.5745 0.0715904
222.763 26.6133 0.0718709
224.298 26.7615 0.0777615
225.496 26.9016 0.0700993
226.665 26.8579 0.0780372
228.115 27.1541 0.0776995
229.394 26.9254 0.0808614
230.669 27.2524 0.0788971
232.006 27.2982 0.0768046
233.086 27.4774 0.0779227
234.453 27.6347 0.0723432
235.6 27.5213 0.0735134
236.868 27.6921 0.0756338
238.046 27.7224 0.0745939
239.185 27.9679 0.069279
240.311 28.0206 0.0758512
241.534 28.1575 0.0711629
242.865 28.2577 0.0699707
243.87 28.0712 0.0684311
244.934 28.2614 0.0661828
246.099 28.2966 0.069348
247.239 28.4369 0.0620635
248.272 28.4045 0.0615028
249.4 28.5849 0.0583608
250.284 28.5938 0.0586736
251.217 28.5538 0.0524268
252.343 28.6696 0.049212
253.184 28.6272 0.0381544
254.077 28.7186 0.0357628
254.958 28.6027 0.0272105
255.093 28.6365 0.0166414
255.832 28.609 6.27703
256.842 28.653 6.26506
257.654 28.6949 6.24449
258.484 28.592 6.23001
259.087 28.3071 6.21004
260.053 28.6147 6.18226
260.565 28.0744 6.16086
261.447 28.18 6.13226
262.313 28.1468 6.11032
262.882 27.8353 6.09183
263.715 27.7621 6.06413
264.439 27.6093 6.0293
264.877 27.1909 6.00003
265.755 26.9098 5.9684
266.641 26.7392 5.92861
267.177 26.4389 5.90303
267.779 26.0526 5.87018
268.415 25.6814 5.84237
269.236 25.6349 5.80365
269.629 24.9063 5.77757
270.352 24.5354 5.73322
270.826 24.3599 5.7072
271.353 23.846 5.68597
271.865 23.4659 5.65039
272.293 23.1393 5.61944
272.956 22.6104 5.58048
273.514 22.0331 5.55289
273.989 21.4947 5.51105
274.543 20.8365 5.48537
274.84 20.4418 5.44743
275.245 19.9488 5.41495
275.787 19.3052 5.38655
276.075 18.7855 5.3599
276.617 18.1574 5.3312
276.942 17.5161 5.30205
277.294 16.9884 5.26245
277.596 16.277 5.23254
277.913 15.5298 5.19756
278.215 14.8554 5.17421
278.566 14.3094 5.13707
278.736 13.5456 5.10677
279.059 12.7975 5.07889
279.124 12.2488 5.03442
279.319 11.479 5.00216
279.647 10.866 4.96801
279.928 10.2656 4.93889
279.757 9.49229 4.91089
279.807 8.72742 4.87685
279.977 7.92338 4.84033
280.075 7.10192 4.80198
280.095 6.4933 4.77421
280.054 5.66537 4.75289
280.063 4.88246 4.71467
280.159 4.13434 4.68402
279.978 3.42755 4.64694
279.938 2.60474 4.61273
279.72 1.64294 4.5779
279.604 0.995773 4.55143
279.422 0.175181 4.52458
279.334 -0.556842 4.4975
278.901 -1.31308 4.46259
278.817 -1.9643 4.42139
278.506 -2.60772 4.39754
278.177 -3.44905 4.36655
277.842 -4.17655 4.33685
277.649 -4.91803 4.30369
276.98 -5.53003 4.26551
276.997 -6.36277 4.24442
276.272 -6.87992 4.20713
276.027 -7.65594 4.17304
275.674 -8.45778 4.16046
275.158 -8.96743 4.13177
274.681 -9.68774 4.10258
274.158 -10.3376 4.07258
273.708 -10.9034 4.0508
272.947 -11.4745 4.01447
272.417 -12.0459 3.98711
271.82 -12.5998 3.95776
271.479 -13.0272 3.93588
270.921 -13.9643 3.91125
269.942 -14.3645 3.86899
269.44 -14.9314 3.8422
268.82 -15.2971 3.80713
268.206 -15.8501 3.77055
266.926 -16.3399 3.73469
266.742 -16.5677 3.70087
265.91 -17.1019 3.67496
265.127 -17.5315 3.64065
264.278 -17.9077 3.60604
263.687 -18.2454 3.57059
262.632 -18.4891 3.5245
261.982 -18.7077 3.48876
261.22 -18.9623 3.44798
260.102 -19.2531 3.41128
259.173 -19.2267 3.37352
258.596 -19.5429 3.3386
257.951 -19.5822 3.30288
256.795 -19.6519 3.26052
255.743 -19.6231 3.22125
255.077 -19.8416 3.19432
253.968 -19.7268 3.163
253.301 -19.6607 3.13314
252.274 -19.6245 3.09939
251.751 -19.5769 3.0714
250.604 -19.3602 3.04026
249.75 -19.2442 3.02185
248.848 -18.9872 2.99709
248.091 -19.0036 2.98392
247.361 -18.8554 2.96823
246.39 -18.6813 2.95338
245.418 -18.4143 2.93639
244.577 -18.2655 2.92369
243.7 -18.0483 2.91966
242.67 -17.668 2.91651
241.958 -17.5513 2.91775
240.857 -17.6458 2.91503
239.843 -17.0934 2.90352
239.104 -17.0014 2.90777
238.313 -16.6563 2.90573
237.313 -16.3549 2.90287
236.23 -16.1984 2.9
235.204 -15.8643 2.90059
234.453 -15.5569 2.90242
233.316 -15.387 2.90178
232.421 -15.3171 2.90116
231.678 -14.9039 2.90861
230.574 -14.7446 2.90084
229.587 -14.4554 2.89887
228.861 -14.4851 2.91531
227.824 -14.3154 2.92161
226.776 -13.9486 2.9219
225.885 -13.5283 2.92164
224.817 -13.3924 2.9179
223.82 -13.3523 2.93193
222.771 -13.2671 2.93752
221.729 -13.0776 2.94109
220.706 -12.6145 2.94219
219.762 -12.4739 2.95679
218.763 -12.2678 2.95832
217.744 -12.2602 2.96632
216.763 -11.833 2.97103
215.742 -11.8384 2.98737
214.326 -11.715 2.99296
213.454 -11.6099 3.00095
212.623 -11.4145 3.01271
211.5 -11.313 3.02308
210.398 -11.1435 3.03185
209.166 -10.9348 3.03339
208.324 -10.8467 3.04628
207.254 -10.8566 3.04791
206.049 -10.8954 3.0674
205.035 -10.7008 3.07131
203.941 -10.5838 3.08057
202.804 -10.8475 3.08477
201.329 -10.6793 3.0878
200.549 -10.448 3.09084
199.513 -10.3939 3.09947
198.372 -10.4738 3.11498
197.103 -10.4666 3.11884
196.027 -10.3998 3.12516
195.09 -10.3112 3.12642
193.906 -10.2959 3.13942
192.776 -10.3477 3.14534
191.613 -10.4066 3.14867
190.565 -10.3136 3.15701
189.458 -10.4031 3.16612
188.25 -10.4384 3.16912
187.083 -10.5511 3.1746
185.895 -10.6175 3.17593
184.83 -10.5732 3.18453
183.562 -10.6641 3.18914
182.377 -10.6654 3.19335
181.156 -10.8374 3.20099
180.007 -10.8046 3.20295
179.02 -10.8749 3.21305
177.64 -10.919 3.21364
176.501 -11.0824 3.22269
175.567 -11.1516 3.22197
174.331 -11.1449 3.22574
173.325 -11.6525 3.24058
172.105 -11.3825 3.2361
170.983 -11.5316 3.24617
169.873 -11.9271 3.25902
168.428 -12.0237 3.25517
167.556 -12.0228 3.26287
166.368 -12.306 3.26581
165.111 -12.348 3.26986
163.979 -12.4192 3.27765
162.909 -12.5631 3.28067
161.909 -12.8472 3.28938
160.921 -12.9731 3.29937
159.755 -13.3138 3.3037
158.6 -13.3599 3.30871
157.238 -13.7996 3.30969
156.148 -14.0338 3.3098
155.271 -14.1453 3.31967
154.079 -14.1716 3.3233
152.973 -14.5072 3.33021
151.898 -14.7159 3.33043
150.796 -14.9954 3.33252
149.788 -15.0899 3.34086
148.969 -15.3973 3.35131
147.425 -15.491 3.34598
146.251 -15.6719 3.34791
145.343 -16.0634 3.35764
144.318 -16.2067 3.35835
143.227 -16.3483 3.35541
142.055 -16.6555 3.36079
140.723 -17.0115 3.3673
139.791 -17.2517 3.36903
138.665 -17.6226 3.36216
137.297 -17.6723 3.36829
136.424 -17.8132 3.37144
135.319 -18.2147 3.37009
134.199 -18.6119 3.37296
133.151 -18.7623 3.37269
132.09 -19.035 3.37888
131.155 -19.23 3.37203
129.99 -19.6026 3.37888
128.772 -19.7714 3.38112
127.609 -19.9483 3.37758
126.52 -20.2942 3.38155
125.627 -20.7299 3.3881
124.57 -20.8471 3.38613
123.365 -20.9562 3.38184
122.246 -21.6137 3.3903
121.066 -21.5933 3.38829
120.187 -22.088 3.39275
119.086 -22.2605 3.38486
118.091 -22.2291 3.39249
117.07 -23.0362 3.40245
115.882 -23.0525 3.40229
114.878 -23.3919 3.4073
113.923 -23.6104 3.40969
112.943 -23.7288 3.41812
111.762 -24.3261 3.4144
110.781 -24.6927 3.41996
109.771 -24.7156 3.41698
108.969 -24.9629 3.43408
107.846 -25.5036 3.44259
106.612 -25.7865 3.44698
105.908 -26.0891 3.45464
104.889 -26.5077 3.45671
103.587 -26.6813 3.46207
102.781 -27.1311 3.46007
102.033 -27.3464 3.4705
100.915 -27.848 3.47261
99.9341 -28.1843 3.47495
98.7738 -28.334 3.4875
98.0294 -28.8919 3.48586
96.8739 -29.2656 3.50115
95.8717 -29.5444 3.50976
94.9857 -29.8621 3.50938
94.0176 -30.1475 3.51922
93.1618 -30.5064 3.52858
92.1518 -31.1026 3.54234
91.1895 -31.4801 3.54381
90.2251 -31.9035 3.55746
89.2204 -32.3747 3.56188
88.0538 -32.9337 3.57205
87.2871 -33.313 3.58106
86.3433 -33.6715 3.59365
85.4136 -34.2498 3.60437
84.489 -34.718 3.61144
83.5475 -35.2032 3.62506
82.4923 -35.5682 3.6398
81.4847 -36.1911 3.65254
80.6573 -36.742 3.66363
79.7952 -37.2633 3.68237
78.8 -38.1132 3.68515
77.9661 -38.5862 3.69726
77.0805 -39.184 3.70774
76.0523 -39.6908 3.72235
75.1311 -40.3957 3.73576
74.3166 -41.017 3.75236
73.3876 -41.5156 3.76729
72.4201 -42.3964 3.77449
71.5459 -43.0354 3.78766
70.923 -43.6823 3.80737
69.863 -44.2366 3.81247
69.0717 -45.0355 3.82797
68.2414 -45.7376 3.84661
67.2819 -46.3866 3.85079
66.5573 -47.0337 3.86026
65.8736 -47.7504 3.87397
64.9998 -48.5719 3.87992
64.2506 -49.2031 3.88113
63.3561 -50.0512 3.88262
62.6702 -50.8041 3.89409
61.8838 -51.5005 3.90288
61.0823 -52.017 3.90403
60.3492 -53.2333 3.896
59.6202 -53.8906 3.90392
58.858 -54.6766 3.90683
57.9994 -55.1918 3.91098
57.287 -55.865 3.91658
56.5042 -56.5971 3.91603
55.9094 -57.3107 3.92534
55.1786 -58.1865 3.92183
54.1459 -58.693 3.92532
53.5101 -59.506 3.92755
52.7293 -60.282 3.93228
52.0891 -60.8935 3.93504
51.3461 -61.6626 3.93881
50.8372 -62.5419 3.94156
50.0364 -63.2528 3.938
49.3985 -63.9698 3.93586
48.7193 -64.6133 3.93579
47.9291 -65.3241 3.93322
47.3281 -66.0974 3.9444
46.6824 -66.7442 3.93262
45.9048 -67.6302 3.93873
45.178 -68.3333 3.93431
44.5019 -68.8864 3.92891
43.8071 -69.6102 3.93647
43.1268 -70.2933 3.94044
42.4931 -71.0494 3.93448
41.618 -71.5133 3.93197
41.0864 -72.3076 3.93585
40.3876 -73.0368 3.92649
39.6508 -73.6654 3.92143
39.0771 -74.3149 3.9251
38.2846 -75.1181 3.92625
37.8605 -75.861 3.92534
37.1896 -76.4378 3.92281
36.3344 -76.9948 3.91516
35.7728 -77.5866 3.91125
35.0987 -78.3077 3.90029
34.3708 -78.9973 3.89183
33.7551 -79.5512 3.89086
33.1443 -80.2342 3.89068
32.4347 -80.5024 3.875
31.5398 -81.1688 3.87085
30.903 -81.968 3.86462
30.4655 -82.5518 3.8553
29.8327 -83.1294 3.84663
28.8026 -83.5164 3.83214
28.1626 -84.1349 3.8295
27.4681 -84.617 3.81461
26.8864 -85.2395 3.80771
26.2037 -85.8095 3.80205
25.7171 -86.2486 3.79748
25.0392 -86.6537 3.77902
24.4137 -87.2375 3.77417
23.5736 -87.6136 3.75926
22.8327 -88.043 3.74177
22.1367 -88.5933 3.73018
21.4577 -89.2104 3.71865
20.8053 -89.6469 3.70571
20.2043 -89.8569 3.69896
19.3396 -90.2933 3.67914
18.9383 -90.5859 3.6688
18.3751 -90.8731 3.66138
17.3756 -91.2 3.64062
16.7992 -91.6017 3.62812
15.8941 -92.0614 3.61036
15.2915 -92.3742 3.59445
14.6549 -92.6661 3.58007
13.9502 -93.1124 3.56195
13.265 -93.5809 3.53741
12.311 -93.6485 3.52015
11.9672 -93.9926 3.51437
10.9602 -93.9641 3.48326
10.6011 -94.1933 3.46814
9.76668 -94.3469 3.4522
8.94159 -94.5305 3.42568
8.22449 -94.7583 3.40666
7.43156 -95.0506 3.38387
6.85914 -95.3004 3.37293
6.15637 -95.1464 3.34978
5.43052 -95.2671 3.32999
4.8678 -95.4272 3.31287
4.16691 -95.625 3.29216
3.58305 -95.5929 3.26497
2.73507 -95.7171 3.24447
2.13097 -95.7521 3.22702
1.49618 -95.5631 3.20378
0.629563 -95.5924 3.18106
0.0693371 -95.6569 3.16993
-0.716643 -95.7758 3.13747
-1.21159 -95.8058 3.12404
-1.99166 -95.6664 3.10368
-2.4867 -95.5658 3.0927
-3.34854 -95.429 3.07137
-4.13623 -95.4297 3.04669
-4.64206 -95.2266 3.02377
-5.58723 -95.1696 3.00929
-6.34453 -95.2869 2.988
-6.76662 -95.1924 2.9781
-7.72085 -94.65 2.9506
-8.2686 -94.6405 2.9391
-8.94477 -94.425 2.90972
-9.61556 -94.4835 2.89733
-10.3992 -94.3061 2.8803
-11.2383 -94.102 2.86428
-11.9721 -93.8068 2.84485
-12.5175 -93.7257 2.83506
-13.17 -93.3515 2.81801
-13.8661 -93.0912 2.80454
-14.5362 -92.8023 2.79309
-15.3811 -92.6329 2.77575
-16.1321 -92.2077 2.75101
-16.6073 -91.7901 2.73564
-17.2405 -91.5158 2.71802
-18.1355 -91.107 2.69625
-18.7103 -90.5413 2.67058
-19.4586 -90.5944 2.65628
-20.0815 -90.0812 2.63338
-20.8976 -89.9201 2.61702
-21.5277 -89.3645 2.59852
-22.0906 -88.8171 2.57018
-22.7819 -88.4217 2.56087
-23.2696 -87.8832 2.54076
-23.953 -87.2099 2.51561
-24.6532 -86.8507 2.50244
-25.2537 -86.2675 2.47869
-26.1467 -85.8923 2.46332
-26.4892 -85.2635 2.44742
-27.2855 -84.5897 2.41688
-27.8422 -84.2407 2.40091
-28.2483 -83.7994 2.39431
-28.8922 -83.1547 2.36793
-29.5215 -82.4351 2.34362
-29.9422 -81.6823 2.32625
-30.6252 -81.309 2.30956
-31.0242 -80.4378 2.27979
-31.7244 -79.7895 2.26052
-32.1701 -79.0957 2.23414
-32.6429 -78.4415 2.20641
-33.1937 -77.5536 2.17706
-33.5164 -77.1984 2.15999
-33.9718 -76.3987 2.13639
-34.4588 -75.6592 2.10949
-34.6796 -74.9317 2.08226
-34.9866 -74.1197 2.06277
-35.3157 -73.401 2.0419
-35.7386 -72.702 2.01658
-35.9999 -71.9863 1.99549
-36.2616 -71.2105 1.97262
-36.6391 -70.3668 1.95069
-37.1644 -69.7003 1.9292
-37.1122 -68.8692 1.90487
-37.4751 -68.0667 1.88801
-37.78 -67.3537 1.86235
-37.9521 -66.3629 1.84088
-38.1484 -65.7037 1.829
-38.1404 -64.7279 1.80459
-38.4386 -64.0644 1.78905
-38.7396 -62.9285 1.75671
-38.7325 -62.4169 1.74793
-38.9443 -61.433 1.72729
-39.0791 -60.6084 1.71644
-39.0311 -59.7429 1.69629
-39.1088 -59.0683 1.68692
-39.2046 -58.2535 1.67147
-39.2132 -57.3894 1.65889
-39.2546 -56.4564 1.64396
-39.2787 -55.6176 1.62871
-39.394 -54.9468 1.61941
-39.3436 -54.0597 1.60455
-39.3405 -53.1078 1.59486
-39.2773 -52.275 1.58528
-39.4386 -51.3967 1.56899
-39.2001 -50.3045 1.55463
-39.2253 -49.7011 1.54715
-39.2671 -48.8184 1.53748
-39.25 -47.8983 1.52611
-39.0834 -47.1014 1.51693
-39.2443 -46.1722 1.50099
-39.2918 -45.4608 1.48563
-38.9669 -44.4183 1.48079
-38.9935 -44.0581 1.47134
-38.8666 -42.7351 1.45814
-38.5985 -41.7934 1.43661
-38.3022 -40.8805 1.43054
-38.1868 -40.0248 1.42124
-38.199 -39.3116 1.40936
-38.1337 -38.4816 1.39419
-37.6309 -37.6912 1.38293
-37.7445 -36.6675 1.36085
-37.4624 -36.0342 1.35463
-37.2741 -35.2214 1.34567
-36.8065 -34.1355 1.32208
-36.8383 -33.3053 1.30654
-36.6411 -32.6795 1.30006
-36.2441 -31.5758 1.28725
-36.0115 -30.7417 1.26812
-35.7887 -30.0109 1.25691
-35.393 -29.1486 1.2425
-35.1389 -28.2992 1.22895
-34.7121 -27.2442 1.21379
-34.3264 -26.6172 1.20311
-34.2014 -25.9732 1.18351
-33.7745 -25.0531 1.16973
-33.3791 -24.3289 1.15777
-32.9457 -23.58 1.14034
-32.5014 -22.6531 1.12225
-32.0715 -21.7949 1.09767
-31.6601 -21.0492 1.0803
-31.3429 -20.0938 1.0548
-30.966 -19.4442 1.0435
-30.3314 -18.6399 1.02377
-29.8845 -18.0511 1.00197
-29.2546 -17.2835 0.989717
-28.7689 -16.4915 0.967682
-28.1649 -15.8397 0.953712
-27.6911 -15.1102 0.931013
-27.227 -14.4173 0.914472
-26.6331 -13.6417 0.896036
-26.0686 -13.0697 0.882583
-25.2506 -12.1771 0.855215
-24.7331 -11.7707 0.845921
-24.2019 -11.1598 0.837283
-23.4535 -10.345 0.811138
-22.7527 -9.63113 0.790302
-22.1063 -9.03848 0.770113
-21.5353 -8.50085 0.758285
-20.9599 -7.75723 0.744465
-20.2988 -7.44957 0.727981
-19.4535 -6.82215 0.702617
-18.6813 -6.26198 0.682573
-17.9245 -5.67681 0.667306
-17.4808 -5.14143 0.644682
-16.489 -4.54908 0.629594
-16.0142 -4.09983 0.624922
-15.1828 -3.77764 0.591188
-14.3168 -3.16279 0.576332
-13.6973 -2.67512 0.56542
-12.8781 -2.08631 0.540867
-12.1996 -1.66552 0.536124
-11.3719 -1.4889 0.505552
-10.3875 -0.791624 0.489343
-9.55736 -0.578324 0.478037
-8.96195 0.0333005 0.461921
-8.10797 0.135183 0.450903
-7.28337 0.411034 0.439957
-6.51999 0.972555 0.423321
-5.49038 1.39975 0.407333
-4.70833 1.4334 0.391266
-3.93841 1.84082 0.371115
-2.88179 2.11885 0.355025
-2.36866 2.42049 0.34475
-1.27832 2.81821 0.328236
-0.538028 3.03093 0.325621
0.384394 3.24585 0.30294
1.19157 3.4028 0.30316
1.9994 3.69041 0.293601
2.86082 3.83899 0.289167
3.83348 4.26283 0.275922
4.68216 4.55742 0.267822
5.4855 4.74989 0.270891
6.39823 5.13521 0.259563
7.27645 5.2542 0.264198
8.18282 5.44297 0.262622
8.98186 5.78441 0.257237
9.81485 5.89284 0.253336
10.8732 6.21288 0.251609
11.6784 6.31767 0.247322
12.6848 6.58136 0.239952
13.4303 6.69974 0.242245
14.4498 7.13731 0.236279
15.3611 7.37273 0.233329
16.2435 7.47782 0.232611
17.2224 7.71587 0.226934
17.921 7.73898 0.227413
18.9049 7.99957 0.220565
20.0292 8.27104 0.210081
20.6659 8.47604 0.215218
21.5811 8.46078 0.214313
22.3249 8.88323 0.203548
23.3517 9.03449 0.205093
24.2579 9.13029 0.202778
25.166 9.43567 0.196517
26.0204 9.42615 0.18617
27.0083 9.5872 0.190248
28.0924 9.88102 0.183051
28.8585 10.224 0.181825
29.9219 10.1667 0.176826
30.704 10.2514 0.169787
31.5972 10.4669 0.172161
32.5752 10.6696 0.170618
33.4941 10.9319 0.169639
34.4639 10.8406 0.166225
35.347 11.1519 0.165246
36.1951 11.2665 0.167072
37.2129 11.3394 0.166381
38.2285 11.4192 0.162729
39.1604 11.6071 0.158907
40.0391 11.8071 0.162019
40.8322 12.0255 0.15026
41.7411 12.0606 0.154816
42.4389 12.2168 0.158212
43.6359 12.3715 0.151387
44.4965 12.7303 0.152325
45.3192 12.6882 0.147579
46.3695 12.7059 0.144708
47.4089 12.7387 0.140727
48.284 13.0096 0.139587
49.0115 13.2248 0.136648
49.9438 13.2575 0.136972
50.8341 13.5071 0.129299
51.8046 13.52 0.129356
52.977 13.6985 0.12576
53.8027 13.8057 0.122791
54.6134 13.8047 0.116471
55.5738 13.9105 0.120213
56.4136 14.0005 0.118193
57.352 14.1416 0.113795
58.4503 14.3252 0.103711
59.1829 14.4823 0.104116
60.3405 14.1895 0.0996833
61.2444 14.3669 0.10523
62.0102 14.4396 0.107037
62.8364 14.6781 0.102193
63.903 14.9797 0.102262
64.8518 14.753 0.109989
65.8056 15.0678 0.100541
66.3475 15.1721 0.0978184
67.5333 15.3081 0.0951239
68.4466 15.3724 0.103219
69.6034 15.5661 0.103029
70.5152 15.5014 0.0889098
71.4681 15.6664 0.0961464
72.2734 15.6987 0.0988471
73.4329 15.8615 0.104415
74.3051 15.8808 0.10381
75.1503 15.9713 0.0995807
76.2014 16.1399 0.0997909
76.9166 16.0895 0.0956794
78.0336 16.2991 0.0999938
78.9814 16.3142 0.0984371
79.5837 16.5788 0.095941
80.831 16.5683 0.0936336
81.6591 16.4763 0.0998434
82.8284 16.8631 0.0923133
83.6336 16.6691 0.0950715
84.6806 16.9561 0.092892
85.4514 16.7816 0.0908259
86.6075 17.1197 0.0855444
87.2791 17.2194 0.0878704
88.2342 17.0285 0.0948003
89.2149 17.0732 0.0941056
90.1507 17.2858 0.0964541
91.0789 17.5698 0.0977373
92.0387 17.6201 0.0834923
93.1557 17.4753 0.0926923
94.0792 17.7503 0.0888475
95.0962 17.7498 0.0749387
95.897 17.8853 0.086041
97.0351 18.0994 0.0819222
97.8492 17.9989 0.0846197
98.8825 17.8938 0.0801708
100.06 18.1038 0.0818004
100.712 18.2567 0.0731174
101.788 18.4592 0.066365
102.625 18.4743 0.0692746
103.437 18.4416 0.0701683
104.53 18.4733 0.0713877
105.516 18.6373 0.0695957
106.451 18.6258 0.0655857
107.254 18.5655 0.0679287
108.509 18.7618 0.0590797
109.392 18.8707 0.0633796
110.485 19.0725 0.0654851
111.366 19.045 0.0597935
112.29 19.189 0.0729843
113.036 19.0899 0.0724744
113.924 19.0241 0.0606738
115.109 19.0909 0.0628067
116.369 19.0233 0.0541362
117.085 19.3851 0.0562711
117.944 19.469 0.0593644
118.751 19.4012 0.0692971
119.824 19.4834 0.0611648
120.783 19.5313 0.0618978
121.716 19.6418 0.067726
123.003 19.6726 0.061724
123.934 19.5791 0.0646013
124.944 19.7861 0.0627086
125.89 19.7728 0.0576561
126.845 19.8517 0.0652586
127.945 19.8891 0.066557
128.649 19.9299 0.0615244
129.534 19.9624 0.0693931
130.536 20.2535 0.0628668
131.681 20.305 0.0636684
132.527 20.3287 0.0670758
133.418 20.2075 0.0757835
134.532 20.549 0.0683402
135.389 20.6768 0.0634933
136.653 20.9061 0.0674423
137.375 20.8835 0.0667607
138.466 20.9386 0.0631702
139.593 20.6305 0.0670508
140.575 20.8882 0.0657983
141.422 20.8998 0.0719924
142.39 20.9144 0.0756465
143.335 21.1717 0.0706342
144.559 21.5271 0.0709886
145.605 21.2953 0.0768277
146.735 21.4079 0.0689429
147.578 21.5202 0.0749593
148.698 21.5467 0.0682534
149.763 21.5931 0.0717201
150.717 21.7668 0.0694477
151.626 21.5315 0.080088
152.898 21.7744 0.0730055
153.942 21.867 0.0707859
154.917 21.8551 0.0755592
155.936 21.923 0.0666389
156.954 22.0737 0.0726696
158.076 22.1801 0.0739203
159.068 22.3428 0.0753056
160.398 22.4507 0.0746897
161.317 22.2987 0.0742839
162.208 22.4108 0.0798047
163.362 22.6493 0.0724451
164.388 22.6073 0.0756004
165.391 22.7469 0.0711034
166.685 22.9022 0.0725179
167.641 22.8611 0.0700781
168.889 22.7777 0.0752901
169.763 23.0478 0.0749054
170.909 23.0939 0.0778892
172.097 23.0999 0.0708193
173.212 23.3865 0.0656088
174.376 23.3075 0.0656754
175.497 23.4387 0.0690036
176.626 23.5011 0.06316
177.657 23.5856 0.0739107
179.119 23.8828 0.0690389
180.129 23.793 0.0718294
181.046 23.6513 0.0659024
182.188 23.984 0.0682661
183.352 24.012 0.0648022
184.399 24.0676 0.0645274
185.503 24.0994 0.0705062
186.391 24.11 0.065651
187.959 24.392 0.0639412
188.823 24.4334 0.0688289
189.945 24.5787 0.0699539
190.929 24.5301 0.0720842
191.979 24.6713 0.0685519
193.412 24.5617 0.0617728
194.641 24.7459 0.0643817
195.472 24.6343 0.0600372
196.455 24.9113 0.0740561
197.631 24.8951 0.0690668
198.905 25.0863 0.0628715
199.976 25.2074 0.0665317
201.306 25.1159 0.068095
202.335 25.034 0.0668456
203.495 25.2413 0.0638322
204.403 25.365 0.0681349
205.661 25.4201 0.0695006
206.816 25.5381 0.0713676
208.102 25.7075 0.0653428
209.07 25.6813 0.0689191
209.978 25.6581 0.0740901
211.337 25.8878 0.0656878
212.295 25.7842 0.0712162
213.485 25.8947 0.0692646
214.453 25.9492 0.067846
215.543 26.1192 0.0767734
216.716 26.1775 0.0721833
217.805 26.3465 0.0706611
218.86 26.4501 0.0744766
220.011 26.6948 0.0710873
221.075 26.5429 0.075421
222.118 26.6999 0.0726289
223.201 26.8621 0.0767597
224.255 26.8385 0.0749232
225.419 26.8184 0.0783851
226.518 26.8785 0.0838764
227.844 26.9452 0.079948
228.792 27.02 0.0776856
229.56 27.1777 0.0801323
230.755 27.1914 0.0769985
232.135 27.2887 0.0815869
232.951 27.6217 0.0755494
234.167 27.7328 0.0740618
235.262 27.7124 0.0808843
236.225 27.7264 0.0877539
237.192 27.8245 0.0819241
238.345 27.8483 0.0848596
239.231 27.7109 0.0865608
240.46 28.057 0.0806357
241.494 28.1018 0.0773315
242.39 28.1356 0.0788571
243.348 28.2375 0.0801933
244.54 28.4271 0.0810682
245.493 28.4574 0.0829425
246.49 28.6577 0.0824526
247.501 28.7784 0.0769267
248.51 28.7786 0.0687384
249.486 28.8144 0.0739119
250.387 28.9033 0.0681782
251.15 28.8379 0.0683447
251.891 28.925 0.0545849
252.667 28.8602 0.0521404
253.697 29.059 0.0405048
254.694 28.8765 0.0304357
255.476 28.9933 0.0182977
255.683 28.9798 0.00230917
256.133 28.8085 6.28183
256.708 28.8318 6.25272
257.638 28.835 6.22845
258.499 28.6874 6.2089
259.197 28.6058 6.18604
259.853 28.6027 6.16155
260.609 28.4952 6.13368
261.298 28.4158 6.10099
262.029 28.332 6.08
262.457 28.0837 6.04542
263.057 27.7752 6.01537
263.96 27.4528 5.97905
264.67 27.3433 5.94625
265.353 27.0347 5.91322
265.925 26.7749 5.88464
266.184 26.2879 5.8632
267.132 26.1786 5.82791
267.542 25.8789 5.80384
268.1 25.4412 5.77939
268.63 24.9923 5.75036
269.231 24.7363 5.7139
269.849 24.3687 5.67686
270.375 24.0753 5.65383
270.898 23.5502 5.63006
271.324 22.9747 5.59876
271.863 22.5681 5.56361
272.25 22.2419 5.53592
272.738 21.7607 5.5087
273.284 21.1217 5.48305
273.729 20.5876 5.445
274.055 20.0981 5.41232
274.444 19.5541 5.39341
274.92 18.9143 5.36005
275.519 18.3289 5.32174
275.484 17.6806 5.29185
275.892 17.0228 5.2599
276.375 16.38 5.2324
276.58 15.9229 5.20134
276.863 15.3474 5.16494
277.147 14.681 5.13944
277.533 13.9789 5.11579
277.824 13.2124 5.07567
277.746 12.755 5.0437
277.841 11.9381 5.00448
278.365 11.2842 4.98872
278.206 10.5963 4.94338
278.434 9.76646 4.91124
278.685 9.32453 4.89298
278.575 8.53796 4.86746
278.837 7.86373 4.83778
278.843 7.29709 4.80722
278.928 6.46984 4.77037
278.902 5.55587 4.74689
278.667 4.84824 4.7083
278.869 4.10187 4.68612
279.06 3.44338 4.65991
278.66 2.84906 4.62003
278.706 1.92806 4.58901
278.475 1.27583 4.55443
277.981 0.536959 4.52841
278.119 -0.326929 4.50077
277.771 -1.13275 4.46151
277.559 -1.74255 4.42579
277.267 -2.27913 4.39767
276.997 -3.08307 4.37352
276.752 -3.9699 4.34015
276.115 -4.47348 4.29237
276.127 -5.25215 4.27618
275.866 -5.87767 4.2497
275.552 -6.43467 4.21414
274.856 -7.13506 4.17689
274.433 -7.9229 4.14511
273.954 -8.62972 4.10959
273.577 -9.09763 4.07171
273.002 -9.65411 4.04025
272.375 -10.2363 4.01457
271.858 -10.6264 3.97869
271.248 -11.4504 3.95263
270.774 -11.7665 3.92096
270.292 -12.5439 3.89702
269.828 -12.9867 3.86153
269.292 -13.4174 3.84179
268.342 -13.7323 3.80231
267.601 -14.4618 3.76932
266.887 -14.8494 3.73298
266.222 -15.4011 3.70686
265.474 -15.8205 3.67209
264.76 -16.0559 3.64276
264.163 -16.3555 3.61118
263.365 -16.7964 3.57783
262.538 -17.0344 3.54852
261.741 -17.2324 3.51436
260.932 -17.5248 3.4838
260.181 -17.8493 3.45083
259.14 -17.9716 3.41429
258.471 -18.1747 3.38331
257.519 -18.4173 3.35142
256.789 -18.5568 3.32195
255.991 -18.5358 3.29203
255.157 -18.7196 3.26392
254.395 -18.6802 3.22724
253.563 -18.6615 3.19762
252.903 -18.5624 3.16646
251.62 -18.6199 3.13112
250.99 -18.3521 3.10323
250.052 -18.2945 3.07292
249.252 -18.2543 3.04778
248.484 -18.0725 3.02306
247.422 -18.282 3.00219
246.867 -18.0932 2.97821
245.97 -17.7713 2.96393
244.84 -17.5232 2.94151
243.899 -17.4487 2.94083
242.997 -17.0631 2.92547
242.381 -16.8796 2.92396
241.198 -17.0445 2.9135
240.414 -16.8403 2.91408
239.57 -16.3687 2.90535
238.634 -16.1113 2.90665
237.576 -15.8969 2.90325
236.642 -15.6969 2.89385
235.777 -15.4801 2.90408
234.63 -15.0277 2.90342
233.639 -14.8812 2.8944
232.928 -14.8117 2.90213
232.04 -14.6383 2.90313
230.903 -14.2386 2.90334
229.916 -13.9846 2.90342
229.065 -13.8453 2.91115
227.904 -13.6151 2.90963
227.059 -13.3223 2.91508
226.03 -13.2813 2.92068
225.134 -13.1004 2.92849
223.903 -12.8412 2.92888
222.912 -12.6079 2.93403
221.913 -12.3409 2.94396
220.678 -12.0296 2.94241
219.799 -11.7989 2.94737
218.741 -11.5677 2.95486
217.832 -11.324 2.96576
216.58 -11.5703 2.97559
215.582 -11.1773 2.97784
214.442 -11.0829 2.99166
213.356 -10.917 3.00239
212.156 -10.9325 3.01232
211.328 -10.7136 3.01972
210.149 -10.5396 3.0305
209.063 -10.3879 3.03711
207.785 -10.2669 3.04566
206.729 -10.1429 3.05538
205.478 -10.1265 3.06605
204.414 -10.0187 3.07858
203.419 -9.99322 3.08639
202.05 -9.84012 3.09178
200.855 -9.80078 3.10022
200.001 -9.74699 3.11171
198.902 -9.82464 3.12288
197.684 -9.75588 3.13269
196.521 -9.73953 3.14406
195.295 -9.78473 3.14541
194.039 -9.82718 3.14652
192.923 -9.83277 3.15644
191.715 -9.89351 3.15953
190.746 -9.81212 3.16704
189.386 -10.1049 3.16472
188.031 -9.83024 3.1769
187.164 -9.80008 3.18483
185.763 -10.1812 3.17793
184.727 -10.2055 3.18624
183.477 -10.1138 3.18881
182.328 -10.4574 3.19982
181.17 -10.3529 3.19812
180.105 -10.5131 3.21131
178.76 -10.4219 3.2118
177.866 -10.5245 3.21325
176.626 -10.8463 3.22092
175.337 -10.8031 3.21758
174.23 -10.8923 3.22326
173.37 -10.9803 3.23148
172.382 -11.1441 3.2417
170.85 -11.1928 3.23742
169.879 -11.2223 3.23925
168.845 -11.3429 3.2462
167.532 -11.5753 3.25148
166.549 -11.657 3.25402
165.328 -11.7934 3.26175
164.077 -12.0057 3.255
163.149 -12.1611 3.26965
161.786 -12.1486 3.26558
160.892 -12.1882 3.27935
159.747 -12.6227 3.2745
158.734 -12.7014 3.28602
157.448 -12.9868 3.28522
156.779 -13.1366 3.30311
155.585 -13.37 3.2995
154.358 -13.3349 3.3045
153.492 -13.462 3.3138
152.51 -13.5186 3.31396
151.365 -14.0365 3.32116
150.254 -14.0339 3.3232
149.349 -14.2355 3.33211
148.3 -14.3941 3.32875
147.409 -14.8472 3.33467
146.478 -14.9217 3.34781
145.269 -15.3888 3.3378
144.527 -15.5412 3.34578
143.311 -15.6843 3.34625
142.619 -15.6846 3.35376
141.381 -16.0576 3.3553
140.068 -16.2726 3.35436
139.167 -16.5407 3.35333
138.17 -16.7291 3.35513
137.206 -16.9849 3.36233
136.285 -17.0831 3.36502
135.018 -17.5039 3.37378
134.121 -17.6934 3.37416
133.088 -17.8296 3.37604
132.19 -18.1188 3.38424
131.08 -18.3184 3.38418
130.08 -18.6521 3.38723
128.862 -19.0129 3.38905
128.012 -19.1986 3.38704
127.156 -19.4044 3.39107
126.26 -19.6689 3.39054
125.197 -19.986 3.39467
124.041 -20.3127 3.39253
122.918 -20.538 3.39139
121.924 -20.6221 3.39086
121.085 -20.9958 3.3868
120.028 -21.2338 3.39221
118.974 -21.4946 3.39358
118.066 -21.8167 3.39982
117.106 -22.1038 3.40474
116.078 -22.2697 3.40311
115.183 -22.4699 3.39929
113.948 -22.7861 3.39956
113.187 -22.8532 3.40813
112.05 -23.3387 3.40927
111.044 -23.5269 3.40995
110.197 -23.9755 3.4196
109.138 -24.237 3.41191
108.297 -24.3769 3.40158
107.342 -24.5787 3.4021
105.997 -24.6099 3.40713
105.202 -25.0118 3.41052
104.202 -25.4198 3.41336
103.5 -25.7004 3.41263
102.293 -26.0794 3.41196
101.41 -26.2181 3.4255
100.36 -26.5757 3.42558
99.5119 -26.9228 3.43741
98.5471 -27.111 3.44082
97.594 -27.4145 3.45401
96.8841 -27.8249 3.46161
95.8664 -28.0288 3.47592
94.8411 -28.3303 3.48766
93.9299 -28.6524 3.49627
93.0787 -28.9478 3.50217
92.3259 -29.3875 3.51538
91.5112 -29.6751 3.51734
90.5984 -30.2114 3.53264
89.7008 -30.605 3.54145
88.8877 -30.9112 3.55292
88.1781 -31.1732 3.56597
87.1435 -31.5953 3.5722
86.2076 -32.2659 3.58947
85.2485 -32.5387 3.60242
84.4141 -32.9734 3.61404
83.7498 -33.5479 3.62439
82.9984 -33.9409 3.64023
82.1537 -34.3364 3.65889
81.3133 -34.7153 3.66991
80.547 -35.2328 3.68308
79.7311 -35.8209 3.6961
78.8876 -36.4095 3.70385
78.0332 -37.0116 3.71433
77.3445 -37.364 3.72493
76.4403 -38.026 3.72649
75.5878 -38.4183 3.73855
74.7869 -39.1426 3.75445
74.0053 -39.7379 3.76556
73.4081 -40.2124 3.7685
72.3748 -40.7282 3.77603
71.7361 -41.3215 3.79191
71.0611 -41.7583 3.79632
70.2332 -42.4826 3.80986
69.5052 -42.9416 3.81718
68.7097 -43.7496 3.82748
67.9538 -44.3562 3.83273
67.3427 -44.9761 3.84013
66.774 -45.6205 3.84231
65.8189 -46.334 3.84543
65.0344 -46.8924 3.85563
64.4844 -47.5281 3.86682
63.6696 -47.9874 3.86868
62.891 -48.722 3.88092
62.1877 -49.2898 3.88067
61.62 -50.024 3.89352
60.7976 -50.6024 3.89795
60.2247 -51.4484 3.90963
59.5003 -52.0092 3.9116
58.8047 -52.7241 3.91389
58.0559 -53.4706 3.91649
57.448 -54.1878 3.92529
56.6462 -54.8412 3.92163
56.1971 -55.5563 3.93662
55.3249 -56.1794 3.92742
54.6549 -57.0333 3.93512
53.9865 -57.4537 3.9354
53.1724 -58.4499 3.93469
52.5557 -59.1102 3.93887
51.9459 -59.6811 3.93948
51.2651 -60.4361 3.94301
50.5383 -61.0481 3.94527
49.7255 -61.7866 3.946
49.2165 -62.4372 3.9452
48.4116 -63.2305 3.95042
47.7277 -63.7348 3.94483
47.2854 -64.5035 3.94756
46.4508 -65.2505 3.94533
45.8118 -65.8768 3.9494
45.359 -66.3161 3.945
44.5465 -67.2133 3.94174
43.8841 -67.9647 3.93573
43.3224 -68.5445 3.94086
42.6438 -69.3898 3.93894
42.0895 -69.938 3.93758
41.3933 -70.5782 3.93822
40.8592 -71.3256 3.93493
40.2209 -71.8359 3.93986
39.5943 -72.5281 3.93825
38.7823 -72.9591 3.92985
38.1419 -73.6028 3.92469
37.4819 -74.3082 3.92893
36.9947 -75.0118 3.93024
36.2227 -75.7139 3.92866
35.7137 -76.3057 3.92186
34.9654 -76.7434 3.91284
34.3547 -77.3967 3.91608
33.8279 -77.9333 3.91003
33.2087 -78.5899 3.91322
32.5219 -79.204 3.91079
32.2135 -79.8599 3.91224
31.3622 -80.5682 3.91032
30.71 -80.9049 3.89873
30.1634 -81.5329 3.89264
29.5906 -82.2234 3.89097
29.1232 -82.6727 3.88023
28.3282 -83.2449 3.87623
27.9156 -84.0531 3.87473
27.047 -84.2539 3.85635
26.4675 -84.7841 3.8507
25.986 -85.3862 3.84129
25.1445 -85.7233 3.82748
24.572 -86.2421 3.81655
23.8799 -86.606 3.80071
23.6831 -87.1174 3.79152
22.9419 -87.6054 3.77642
22.2655 -88.1512 3.76673
21.3477 -88.624 3.74642
21.058 -88.8836 3.73547
20.3114 -89.244 3.72207
19.7991 -89.668 3.71202
18.9841 -90.1599 3.68638
18.2142 -90.4446 3.66912
17.8479 -90.7139 3.66572
17.1165 -91.2297 3.64482
16.3287 -91.3372 3.62437
15.6068 -91.6036 3.60792
15.0822 -92.0909 3.59402
14.763 -92.2654 3.58709
13.8447 -92.7129 3.56701
13.1917 -92.9821 3.55142
12.7123 -93.091 3.54334
12.069 -93.3187 3.52696
11.5138 -93.5514 3.51327
10.5227 -93.9576 3.49444
9.80446 -93.9646 3.47362
9.48345 -94.1357 3.46468
8.96672 -94.2147 3.447
8.49574 -94.4721 3.42941
7.90564 -94.663 3.40974
7.24784 -94.8439 3.40005
6.82316 -94.8945 3.38075
5.9971 -94.996 3.36222
5.36578 -95.2465 3.33281
4.58727 -95.4093 3.32014
3.97529 -95.517 3.2984
3.52682 -95.5416 3.27664
2.94297 -95.598 3.269
2.35716 -95.9488 3.24575
1.78509 -95.8021 3.22155
1.74159 -95.7182 3.21942
0.857163 -95.7725 3.19485
0.224196 -95.7757 3.17931
-0.328421 -95.5225 3.15855
-1.17906 -95.6715 3.1559
-1.66589 -95.5825 3.12919
-2.27547 -95.4923 3.1095
-2.95453 -95.4877 3.08776
-3.35689 -95.6283 3.08329
-3.89045 -95.7183 3.07075
-4.56101 -95.3907 3.05778
-5.26625 -95.4997 3.04561
-5.71079 -95.2985 3.03493
-6.28979 -95.3819 3.02544
-6.89406 -95.3277 3.00691
-7.6531 -95.0739 2.99241
-8.09655 -95.0303 2.98435
-8.68828 -94.8396 2.97428
-9.26572 -94.5923 2.95939
-9.96195 -94.5378 2.94287
-10.6363 -94.4254 2.92422
-11.3567 -94.3383 2.90661
-11.8434 -94.0942 2.89895
-12.3873 -93.8247 2.88379
-13.2478 -93.9868 2.86705
-13.7385 -93.5924 2.85154
-14.2428 -93.4403 2.83367
-15.0578 -93.3193 2.82136
-15.4119 -93.0004 2.80067
-16.1799 -92.2692 2.78333
-17.0672 -92.3021 2.76624
-17.7741 -91.9452 2.75027
-18.2277 -91.7866 2.7336
-19.027 -91.5586 2.7126
-19.6671 -91.2395 2.69942
-20.2696 -90.7909 2.67793
-20.6736 -90.4094 2.66336
-21.2858 -90.1406 2.6536
-21.8481 -89.7979 2.63535
-22.5053 -89.6035 2.61433
-23.3765 -89.2716 2.59118
-23.8807 -88.6309 2.58026
-24.4145 -88.1588 2.55824
-24.9196 -87.9451 2.55455
-25.4581 -87.5391 2.53092
-26.1274 -87.1377 2.5201
-26.7378 -86.5772 2.49558
-27.4517 -86.182 2.47847
-27.7654 -85.5145 2.45188
-28.3515 -84.9959 2.43613
-28.964 -84.517 2.41754
-29.4663 -83.8222 2.38605
-29.952 -83.6606 2.36544
-30.5419 -83.2233 2.35354
-31.0556 -82.5717 2.32067
-31.4865 -81.9373 2.30332
-31.8822 -81.063 2.26962
-32.5528 -80.7928 2.25662
-32.9422 -80.1217 2.2333
-33.1532 -79.5601 2.20982
-33.9121 -78.8893 2.19412
-33.8027 -78.3468 2.16808
-34.7507 -77.5995 2.13689
-34.8313 -76.933 2.10882
-35.0967 -76.2328 2.08962
-35.3018 -75.5695 2.07015
-35.7939 -74.8275 2.05098
-36.3305 -74.3729 2.03364
-36.4961 -73.6747 2.01415
-37.0098 -72.7876 1.98647
-37.3062 -71.9992 1.96676
-37.5829 -71.4804 1.94715
-37.6477 -70.5364 1.92942
-37.9751 -70.0336 1.91503
-38.1116 -69.2538 1.89695
-38.0973 -68.6095 1.88555
-38.5852 -67.6787 1.86269
-38.8101 -66.9279 1.85092
-39.0168 -66.1498 1.82776
-39.1669 -65.4929 1.81178
-39.3181 -64.476 1.78951
-39.5859 -63.593 1.77042
-39.7376 -62.8109 1.75302
-40.0329 -62.2992 1.74375
-39.98 -61.4704 1.73576
-39.8743 -60.8423 1.72764
-40.3625 -59.7999 1.70331
-40.3786 -59.0717 1.69514
-40.1537 -58.3657 1.68829
-40.3305 -57.4406 1.66386
-40.4033 -56.5587 1.65014
-40.4696 -55.7616 1.64782
-40.4598 -54.9323 1.63271
-40.4982 -54.2483 1.62334
-40.4141 -53.2217 1.60685
-40.612 -52.6455 1.60104
-40.449 -51.849 1.5845
-40.6143 -51.0874 1.58139
-40.6641 -50.0071 1.57117
-40.2479 -49.0708 1.54896
-40.4841 -48.402 1.54148
-40.527 -47.6142 1.53707
-40.6014 -46.8981 1.53024
-40.5616 -46.1706 1.51367
-40.1664 -45.1493 1.50053
-40.1359 -44.2141 1.48554
-40.2313 -43.4807 1.48102
-40.3186 -42.7625 1.47386
-39.8536 -41.6811 1.45833
-39.9444 -41.1796 1.44556
-39.6999 -40.3836 1.43355
-39.5494 -39.4909 1.41802
-39.3019 -38.7414 1.40986
-39.2033 -37.8234 1.38968
-39.171 -37.1821 1.37881
-38.8558 -36.326 1.36254
-38.7846 -35.5951 1.34237
-38.6847 -34.849 1.33577
-38.2977 -34.0709 1.32592
-37.9033 -33.2458 1.30668
-37.93 -32.5675 1.29528
-37.6227 -31.8148 1.28308
-37.3703 -31.0004 1.26693
-37.1503 -30.1802 1.25122
-36.8984 -29.4543 1.24063
-36.7142 -28.9042 1.23134
-36.2743 -27.979 1.21336
-35.9835 -27.2275 1.20247
-35.6046 -26.4736 1.18578
-35.4272 -25.6746 1.17156
-35.1059 -24.9118 1.15695
-34.8355 -24.4216 1.15838
-34.5902 -23.5472 1.13578
-34.1459 -23.0004 1.12045
-33.8091 -22.3337 1.10605
-33.3374 -21.5716 1.08755
-32.8818 -20.7278 1.07335
-32.499 -20.1079 1.06888
-32.1589 -19.4974 1.04766
-31.6077 -18.7648 1.03816
-31.4563 -17.9948 1.01566
-30.9739 -17.3474 1.00574
-30.3439 -16.7658 0.986617
-29.884 -16.0647 0.972084
-29.3985 -15.2904 0.954535
-28.7995 -14.7443 0.938839
-28.2607 -13.9964 0.917754
-27.7557 -13.4766 0.908155
-27.2939 -12.8472 0.889462
-26.7045 -12.0029 0.867547
-26.2 -11.5607 0.852225
-25.6072 -10.8095 0.838149
-25.1648 -10.1519 0.807648
-24.5512 -9.65241 0.794755
-23.9224 -9.17853 0.786777
-23.4293 -8.57717 0.762247
-22.7478 -8.15584 0.748656
-22.1471 -7.50964 0.730862
-21.4383 -7.04787 0.718102
-20.7653 -6.34397 0.695618
-20.0111 -5.81276 0.674558
-19.4357 -5.54114 0.662449
-18.6207 -5.00802 0.639707
-18.0478 -4.68609 0.629478
-17.1534 -4.01558 0.609314
-16.3764 -3.58471 0.589934
-15.6489 -2.99275 0.572415
-15.0223 -2.64651 0.561338
-14.3433 -2.22612 0.544243
-13.5331 -1.68858 0.525212
-12.7233 -1.39435 0.512085
-11.8462 -1.18553 0.486032
-11.292 -0.791596 0.483044
-10.3969 -0.22449 0.462252
-9.65228 0.250755 0.446315
-8.54783 0.645987 0.426195
-7.89669 0.999652 0.413069
-7.18969 1.23377 0.398764
-6.3863 1.43866 0.38481
-5.29553 1.96354 0.371011
-4.43951 2.38872 0.353495
-3.71652 2.58008 0.346431
-2.66997 2.90492 0.329902
-1.91383 3.01377 0.329937
-0.878106 3.49415 0.314226
0.00605833 3.74527 0.301636
0.930727 4.09212 0.295343
1.81063 4.30156 0.289942
2.6885 4.57581 0.294022
3.79695 4.78421 0.283702
4.81625 5.10535 0.284361
5.70547 5.34967 0.280339
6.60522 5.58167 0.27874
7.45555 5.85821 0.275413
8.29675 6.22679 0.267669
9.46369 6.39896 0.252828
10.5127 6.57969 0.24974
11.317 6.87915 0.246826
12.4518 7.13648 0.234517
13.3412 7.14478 0.232002
14.0775 7.42397 0.232256
15.2323 7.77232 0.221397
16.3121 7.9357 0.211936
17.2826 8.0327 0.208746
18.2678 8.23815 0.201804
19.2774 8.61321 0.190352
20.1994 8.85458 0.187553
21.3324 8.97015 0.180395
22.1942 8.93063 0.173197
23.5577 9.2628 0.168475
24.5034 9.32215 0.167702
25.442 9.52479 0.163779
26.4716 9.88244 0.156103
27.7176 10.1779 0.159477
28.8498 10.0677 0.155356
29.6713 10.343 0.153257
30.8351 10.5326 0.155358
32.0484 10.7492 0.150442
33.1592 10.8344 0.151071
34.0514 10.888 0.147474
35.2335 11.0693 0.14497
36.2253 11.254 0.145835
37.4566 11.4746 0.146045
38.5462 11.6498 0.148303
39.5696 11.8035 0.145521
40.5085 11.7536 0.149467
41.6817 11.8777 0.146582
42.7059 12.0286 0.143725
44.0561 12.3016 0.142497
44.7846 12.6497 0.155617
45.8944 12.7364 0.145659
47.0512 12.6554 0.14998
48.1437 13.0759 0.149597
49.1518 13.0702 0.154643
50.3381 13.209 0.144922
51.2266 13.3806 0.157135
52.5214 13.6122 0.145501
53.4392 13.8994 0.149615
54.6285 13.9653 0.148267
55.5222 14.0273 0.142713
56.7609 14.3586 0.144801
57.8013 14.3731 0.147488
58.6823 14.534 0.142431
59.7302 14.6342 0.144536
61.0936 14.9511 0.137916
61.7773 15.0676 0.138263
63.0741 15.1107 0.134119
63.9585 15.2331 0.135557
64.812 15.1926 0.139562
66.0717 15.5237 0.133707
67.0767 15.7312 0.138393
68.0336 15.8194 0.137235
69.1798 15.7397 0.136757
70.2207 16.0228 0.13559
71.2757 16.1532 0.132544
72.4516 16.3237 0.119486
73.3409 16.4101 0.12122
74.3528 16.6115 0.113036
75.4359 16.7108 0.117807
76.3892 16.7282 0.119364
77.1927 16.7875 0.108323
78.411 17.09 0.107256
79.4423 17.0309 0.10894
80.4298 17.2156 0.105533
81.3756 17.3554 0.104055
82.6472 17.4702 0.0974651
83.6431 17.5304 0.0935994
84.8444 17.5335 0.0861608
85.7101 17.6136 0.0887799
86.8063 17.8774 0.088148
87.8763 17.8331 0.0864383
88.705 18.4424 0.0747613
89.7247 18.1149 0.0783137
90.8475 18.0837 0.0797072
91.9365 18.233 0.0774691
92.8859 18.3436 0.0729729
93.92 18.3201 0.0723514
94.8012 18.2779 0.0704187
95.9639 18.219 0.0689617
97.0163 18.3853 0.0765943
98.227 18.6215 0.0722354
99.1333 18.7509 0.0638979
99.9834 18.6427 0.066507
101.192 18.8155 0.0603161
102.123 18.7254 0.0668174
103.082 18.921 0.0613147
104.279 18.8159 0.0682093
105.338 18.9237 0.0688386
106.074 19.083 0.0631005
107.072 19.3174 0.0570535
108.181 19.0617 0.0618283
109.193 19.1733 0.0652762
110.262 19.1927 0.0641378
111.285 19.3503 0.0624528
112.214 19.4566 0.0641379
113.29 19.6099 0.0647456
114.283 19.6221 0.0663459
115.194 19.6827 0.0629548
116.186 19.7917 0.0610159
117.386 19.8483 0.0526571
118.574 19.9247 0.0573644
119.398 19.7881 0.0552183
120.345 19.8513 0.0589777
121.522 19.9318 0.0599671
122.498 20.1982 0.055395
123.411 20.2894 0.0551632
124.395 20.1244 0.059435
125.574 20.4451 0.0454003
126.411 20.2296 0.0562162
127.515 20.3767 0.0612537
128.574 20.4935 0.0542944
129.481 20.5178 0.0585229
130.574 20.521 0.0597883
131.493 20.2952 0.0627524
132.588 20.5702 0.0578135
133.501 20.6941 0.0614603
134.78 20.7716 0.0570006
135.674 20.6574 0.0595947
136.7 20.8681 0.0625278
137.735 21.0212 0.0591277
138.64 20.8002 0.0671038
139.887 21.0615 0.060836
140.926 21.0566 0.0598987
141.986 21.175 0.0607434
142.931 21.2992 0.0579623
144.002 21.2869 0.0654147
145.085 21.432 0.0699095
146.239 21.4682 0.0688188
147.268 21.482 0.0685285
148.107 21.743 0.07687
149.187 21.654 0.0732763
150.463 21.8508 0.0766207
151.237 22.0594 0.0734959
152.33 22.0867 0.0836091
153.378 22.0922 0.0852777
154.392 22.2048 0.0867012
155.481 22.313 0.0867393
156.664 22.4359 0.0782007
157.8 22.465 0.0785513
158.838 22.5424 0.0808101
159.965 22.5381 0.0797247
161.014 22.6666 0.0791688
161.695 22.7297 0.0825415
162.879 22.7841 0.0833317
163.988 22.893 0.0839291
164.969 23.065 0.0822222
165.977 23.0431 0.0809286
167.133 23.1039 0.0852527
168.242 23.1977 0.0763766
169.258 23.4918 0.0746262
170.258 23.3754 0.0818169
171.307 23.4428 0.0832974
172.511 23.6705 0.0775476
173.583 23.6399 0.0777499
174.684 23.5997 0.0724392
175.662 23.6862 0.0828744
176.927 23.8952 0.0781041
177.819 24.0611 0.0740272
178.825 23.9711 0.0750227
179.897 24.0618 0.075756
181.189 24.1706 0.0769552
182.257 24.3883 0.068666
183.21 24.4848 0.0727332
184.321 24.3769 0.0735899
185.371 24.5166 0.075015
186.472 24.7385 0.0713774
187.641 24.761 0.0711405
188.62 24.7116 0.0756997
189.643 24.779 0.0706224
190.722 24.8849 0.0729626
191.815 25.055 0.0685919
192.924 25.147 0.0700857
193.852 25.3146 0.0713646
195.02 25.3233 0.0759038
196.064 25.3541 0.0702326
197.144 25.4593 0.0748811
198.231 25.4836 0.0710317
199.453 25.5834 0.0762004
200.443 25.6085 0.0743119
201.497 25.6788 0.0690523
202.571 25.7809 0.0741681
203.587 25.8993 0.0763784
204.829 25.9932 0.0752135
205.884 25.9929 0.0729891
206.981 25.9764 0.072702
208.101 26.167 0.073361
209.132 26.4009 0.0753401
209.951 26.1689 0.0745008
211.213 26.2857 0.0716355
212.295 26.5417 0.0677439
213.286 26.6391 0.0705162
214.386 26.5749 0.0718621
215.363 26.5517 0.0735256
216.319 26.6969 0.0723294
217.494 26.781 0.0764138
218.617 27.0133 0.0708716
219.52 27.107 0.073588
220.457 27.0501 0.0754972
221.674 27.3686 0.0753223
222.755 27.1653 0.0680466
223.613 27.3646 0.0736391
224.72 27.4427 0.0777613
225.665 27.4279 0.0689484
226.808 27.4506 0.0726976
227.801 27.5122 0.070963
228.752 27.7441 0.0754031
229.995 27.9374 0.0767399
230.944 27.8528 0.07411
231.703 27.8841 0.0776169
232.904 28.0272 0.0683068
233.809 28.0732 0.0785909
234.812 28.0521 0.0769857
235.893 28.3561 0.0666052
236.699 28.4533 0.0688973
237.742 28.2724 0.076049
238.906 28.509 0.0735845
239.499 28.5979 0.0774616
240.588 28.6845 0.0694455
241.231 28.6518 0.0713198
242.145 28.6892 0.0716172
243.091 28.7331 0.0707557
243.969 28.7565 0.0708786
244.731 28.8322 0.0669083
245.653 28.9602 0.0676859
246.423 28.9879 0.0706047
247.178 29.0639 0.0675116
247.939 28.9949 0.0636548
248.774 29.1488 0.0600203
249.455 29.1098 0.0592721
250.082 29.1335 0.0612781
250.896 28.9829 0.0561542
251.587 29.0193 0.0463893
252.039 29.1911 0.0410863
252.811 29.2806 0.036043
253.315 29.2196 0.0286652
253.976 29.3944 0.0148289
254.115 29.2904 0.00394488
254.393 29.3193 6.27891
254.975 29.3523 6.26735
255.493 29.1634 6.25276
255.859 29.3791 6.23298
256.515 29.0961 6.2188
256.93 29.2795 6.19936
257.468 29.2409 6.18382
257.834 29.1588 6.174
258.384 29.096 6.15501
258.525 28.916 6.13891
259.095 28.8947 6.12214
259.429 28.7475 6.10725
259.756 28.6328 6.0917
260.098 28.6982 6.07291
260.371 28.5954 6.06866
260.867 28.436 6.05767
260.908 28.3102 6.03939
261.458 28.1922 6.02281
261.975 28.0673 6.00134
262.055 27.9928 5.97355
262.432 27.9327 5.96489
263.043 27.9133 5.94834
263.167 27.7132 5.93033
263.582 27.4386 5.9133
263.879 27.3348 5.88692
264.145 27.2693 5.86501
264.505 27.0341 5.85721
264.943 26.9752 5.83895
265.093 26.8897 5.82244
265.448 26.6771 5.81856
265.674 26.6454 5.79444
265.934 26.3714 5.78828
266.013 25.9924 5.78279
266.521 25.8577 5.76982
266.818 25.6359 5.764
267.193 25.5797 5.74942
267.469 25.2566 5.73832
267.758 25.206 5.71899
268.103 24.9391 5.71781
268.26 24.76 5.70346
268.734 24.6906 5.68445
268.858 24.4101 5.67744
269.303 24.1102 5.65739
269.604 23.9526 5.64351
269.985 23.6756 5.63329
270.314 23.3412 5.62625
270.544 23.1128 5.61396
270.853 22.6799 5.60625
271.271 22.4022 5.59343
271.624 22.3347 5.56537
271.962 21.8273 5.54302
272.366 21.5205 5.51497
272.867 21.0983 5.49136
273.13 20.7544 5.47257
273.437 20.3998 5.45297
273.747 19.9495 5.43131
274.021 19.5613 5.41323
274.398 19.036 5.38371
274.646 18.6428 5.35574
274.912 18.2067 5.32897
275.256 17.6932 5.30312
275.624 17.3867 5.28131
275.822 17.0535 5.24766
276.051 16.4515 5.22506
276.19 15.9051 5.18896
276.542 15.6147 5.16289
276.635 14.8669 5.13809
277.079 14.2569 5.10946
277.211 13.6641 5.07331
277.336 13.1683 5.04418
277.453 12.7028 5.01444
277.6 11.7486 4.98553
277.773 11.3443 4.95641
277.983 10.8376 4.93088
277.841 10.341 4.90923
278.117 9.53096 4.87603
278.089 9.20267 4.85427
278.261 8.52085 4.81664
278.168 7.86569 4.8004
278.404 7.24807 4.78295
278.456 6.87534 4.75387
278.243 6.15199 4.73885
278.362 5.3316 4.70371
278.065 4.63876 4.6687
278.224 4.25093 4.64624
278.133 3.51818 4.61783
278.114 3.04407 4.59784
277.87 2.36997 4.56815
277.825 1.58796 4.53536
277.668 0.765236 4.5194
277.459 0.2742 4.48507
277.401 -0.303056 4.45624
277.047 -1.16188 4.42783
276.713 -1.66799 4.40187
276.275 -2.30294 4.37495
276.16 -2.84957 4.34026
275.892 -3.50959 4.3084
275.872 -4.09634 4.29026
275.625 -4.5983 4.26404
275.052 -5.31851 4.23186
274.7 -5.89049 4.20254
274.356 -6.40726 4.17898
274.02 -7.12561 4.15428
273.696 -7.78989 4.12596
273.137 -8.28777 4.08429
272.703 -8.94809 4.06899
272.152 -9.52764 4.03716
271.933 -9.85645 4.0161
271.279 -10.5817 3.99675
270.953 -10.911 3.9743
270.154 -11.4727 3.9399
269.44 -12.0435 3.90896
268.984 -12.4996 3.88593
268.453 -12.935 3.85898
268.027 -13.4125 3.83837
267.351 -13.8477 3.81003
267.031 -14.3824 3.78698
266.143 -14.7111 3.75645
265.534 -15.2339 3.72541
264.479 -15.3834 3.68669
264.005 -15.7284 3.66485
263.195 -16.0585 3.62882
262.739 -16.4531 3.60212
261.685 -16.7434 3.56554
261.313 -17.0529 3.54453
260.608 -17.3169 3.51067
259.684 -17.5088 3.47497
259.089 -17.7577 3.45062
258.461 -17.9129 3.41577
257.624 -18.0981 3.38486
256.875 -18.2867 3.35654
255.992 -18.3759 3.31839
255.378 -18.4196 3.29513
254.642 -18.62 3.25815
253.823 -18.5678 3.22609
252.916 -18.5138 3.1963
252.147 -18.638 3.16724
251.438 -18.7338 3.13969
250.694 -18.6568 3.11243
249.894 -18.5731 3.08377
249.189 -18.3538 3.05816
248.381 -18.2297 3.02463
247.529 -18.0676 3.00254
246.434 -18.1389 2.98522
245.736 -17.851 2.96383
245.134 -17.7317 2.94889
244.229 -17.4145 2.93405
243.48 -17.4037 2.91825
242.572 -17.0446 2.90708
241.732 -16.9407 2.9032
240.929 -16.6519 2.89846
240.03 -16.4696 2.89326
239.312 -16.2377 2.89157
238.294 -16.0987 2.88799
237.701 -15.896 2.89118
236.738 -15.7758 2.88727
235.698 -15.3474 2.88489
235.036 -15.0319 2.88054
234.098 -14.7951 2.88367
233.241 -14.5377 2.89047
232.496 -14.3478 2.88549
231.688 -14.2505 2.8981
230.937 -14.1008 2.89135
229.707 -13.675 2.88967
228.957 -13.4527 2.8996
228.048 -13.3375 2.90064
227.249 -13.1458 2.90415
226.316 -13.0012 2.90986
225.53 -12.6784 2.91233
224.331 -12.7638 2.9164
223.402 -12.4327 2.91323
222.811 -12.2093 2.92903
221.884 -11.9444 2.93242
220.823 -11.694 2.93651
219.942 -11.6193 2.94693
218.947 -11.4214 2.95041
217.754 -11.4251 2.95839
217.103 -11.1085 2.96838
215.894 -10.8805 2.9735
215.059 -10.5976 2.97991
214.092 -10.3997 2.98897
213.02 -10.3042 3.00147
212.085 -10.1107 3.0078
211.131 -10.1229 3.0208
210.351 -10.0167 3.03334
209.288 -9.90203 3.03224
208.3 -9.81133 3.04767
207.285 -9.92968 3.04419
206.184 -9.93568 3.06307
205.227 -9.74691 3.07167
204.284 -9.68223 3.07654
203.139 -9.47103 3.08478
202.252 -9.62461 3.09427
201.18 -9.46122 3.09285
200.309 -9.43603 3.10474
199.2 -9.3339 3.10935
198.206 -9.37915 3.12036
197.221 -9.27568 3.12919
195.96 -9.44631 3.13194
195.458 -9.29365 3.13897
194.228 -9.46417 3.1449
193.118 -9.16709 3.14093
192.158 -9.4253 3.15313
191.076 -9.34522 3.15729
189.984 -9.29602 3.16111
188.939 -9.35676 3.16634
187.937 -9.41109 3.16414
186.965 -9.51214 3.17025
186.193 -9.49011 3.17849
185.146 -9.53752 3.1856
183.986 -9.70611 3.18161
183.218 -9.64721 3.1888
182.217 -9.59053 3.19165
181.225 -9.73175 3.19627
180.181 -9.7466 3.20081
179.252 -9.83249 3.19704
178.342 -9.89059 3.20818
177.406 -9.94265 3.20659
176.435 -9.85302 3.20991
175.392 -10.2298 3.21261
174.346 -10.2432 3.21277
173.403 -10.2563 3.21749
172.446 -10.3491 3.21879
171.675 -10.6792 3.22263
170.821 -10.662 3.23612
169.997 -10.7438 3.23883
169.085 -10.9085 3.24078
167.999 -10.9137 3.24836
167.123 -10.9715 3.24768
166.235 -10.9063 3.25297
165.305 -11.0766 3.2547
164.403 -11.3507 3.26568
163.287 -11.4472 3.26541
162.483 -11.4772 3.27081
161.745 -11.5396 3.27461
160.737 -11.5615 3.2812
159.837 -11.7196 3.28561
158.994 -12.0907 3.29147
158.262 -12.0957 3.29649
157.143 -12.2511 3.30107
156.061 -12.4449 3.29886
155.277 -12.6861 3.30828
154.259 -12.7699 3.30742
153.686 -12.9754 3.31921
152.705 -13.2256 3.32389
151.835 -13.2181 3.32617
150.966 -13.2666 3.33184
150.124 -13.45 3.33444
149.202 -13.7575 3.34203
148.263 -13.7606 3.33496
147.158 -14.0769 3.34538
146.379 -14.1997 3.34488
145.463 -14.5421 3.34825
144.464 -14.7559 3.35228
143.889 -14.8777 3.36636
142.922 -15.0348 3.36374
141.797 -15.4215 3.36343
141.168 -15.3734 3.369
140.018 -15.6244 3.36653
139.238 -16.0801 3.37206
138.531 -16.1668 3.37109
137.487 -16.282 3.36997
136.665 -16.7363 3.38019
135.662 -16.8679 3.39498
134.936 -16.9251 3.39351
134.053 -17.1773 3.39926
133.373 -17.4243 3.40049
132.37 -17.6688 3.39655
131.183 -18.0998 3.39564
130.719 -18.4735 3.40651
129.854 -18.3289 3.40001
128.799 -18.7933 3.40214
127.919 -18.9428 3.40074
127.143 -19.0389 3.40148
126.392 -19.1236 3.40548
125.59 -19.4946 3.40347
124.602 -20.0556 3.40582
123.878 -19.9946 3.40774
123.083 -20.3324 3.40894
122.314 -20.6094 3.40905
121.432 -20.7083 3.40931
120.516 -20.8444 3.40769
119.797 -21.134 3.415
119.019 -21.4417 3.41558
118.06 -21.5162 3.41215
117.158 -21.7082 3.41174
116.56 -21.9791 3.41502
115.828 -22.3001 3.42224
115.074 -22.372 3.42145
114.003 -22.7606 3.41605
113.175 -23.0491 3.41481
112.344 -23.07 3.41511
111.938 -23.309 3.42793
111.096 -23.5135 3.43299
110.225 -23.8442 3.42999
109.479 -24.0506 3.42927
108.44 -24.2685 3.41884
107.678 -24.7475 3.42649
106.797 -24.792 3.42395
106.306 -24.9861 3.42078
105.539 -25.1288 3.43074
104.678 -25.5701 3.43025
103.907 -25.7317 3.43343
103.123 -25.8989 3.43943
102.381 -25.9498 3.43345
101.582 -26.355 3.43628
100.917 -26.6767 3.43468
100.065 -26.794 3.44008
99.7013 -26.9379 3.44973
98.385 -27.2312 3.45088
97.819 -27.4305 3.44866
97.1441 -27.8199 3.45299
96.3768 -28.0799 3.46103
95.9052 -28.1727 3.46096
95.1875 -28.5502 3.46707
94.4551 -28.6811 3.46914
93.6276 -28.8984 3.46918
92.9522 -29.1989 3.48052
92.3195 -29.5072 3.48251
91.54 -29.7616 3.49025
90.6455 -30.0478 3.49822
90.1796 -30.4301 3.51054
89.471 -30.6672 3.51229
88.8204 -30.7618 3.52408
88.2312 -31.0502 3.5329
87.4741 -31.5615 3.54906
86.6997 -31.8684 3.55557
86.0612 -32.1346 3.56774
85.2001 -32.369 3.58075
84.7305 -32.5238 3.594
84.0048 -32.9235 3.60664
83.2732 -33.2785 3.61663
82.5879 -33.907 3.63037
82.0219 -34.0261 3.63748
81.3587 -34.44 3.65233
80.8162 -34.8532 3.65973
80.1114 -35.1731 3.67592
79.397 -35.4492 3.68543
78.859 -35.9957 3.69597
78.1106 -36.441 3.70756
77.6147 -36.986 3.71052
76.8795 -37.4686 3.72238
76.2328 -37.8859 3.73721
75.6912 -38.4871 3.73896
74.8027 -38.6108 3.76002
74.2416 -39.0712 3.76756
73.6643 -39.5048 3.77128
73.1875 -39.9246 3.77632
72.5168 -40.5359 3.7843
71.9316 -40.9708 3.79106
71.5382 -41.4185 3.79309
70.8448 -41.7717 3.79927
70.3655 -42.3441 3.79998
69.2846 -42.8265 3.79952
68.7295 -43.3921 3.80742
68.4254 -43.7308 3.8175
67.8083 -44.2811 3.81876
67.1796 -44.7348 3.82974
66.6098 -45.0922 3.83178
65.6569 -45.7615 3.83249
65.3204 -46.2206 3.84053
64.545 -46.7281 3.84349
64.1175 -47.2749 3.8499
63.5062 -47.7606 3.84898
62.8219 -48.2485 3.85706
62.3631 -48.918 3.86524
61.6844 -49.3636 3.86797
61.0323 -49.8903 3.87365
60.5074 -50.6516 3.8701
59.8081 -50.9419 3.86945
59.1494 -51.7541 3.884
58.6483 -52.0293 3.89099
57.9758 -52.7482 3.88258
57.3273 -53.1279 3.8903
56.8055 -53.6898 3.89825
56.1384 -54.3066 3.90509
55.5761 -54.9781 3.90402
55.1474 -55.5661 3.90688
54.6454 -55.8961 3.91257
53.9169 -56.6241 3.91355
53.0304 -57.1931 3.90704
52.5903 -57.876 3.92188
52.0669 -58.3714 3.91782
51.3139 -59.1278 3.91733
50.8632 -59.7494 3.92244
50.339 -60.1852 3.92803
49.7526 -60.8086 3.93013
48.9683 -61.2463 3.92352
48.4774 -61.9866 3.92959
47.8266 -62.5423 3.92999
47.2614 -63.2186 3.9347
46.8602 -63.7255 3.93328
46.2578 -64.3079 3.9345
45.6127 -64.8791 3.93318
44.9306 -65.5069 3.93045
44.3314 -66.1443 3.93034
43.7647 -66.5891 3.93548
43.2208 -67.2752 3.93405
42.803 -67.8109 3.93748
42.1367 -68.2949 3.93734
41.5692 -68.8783 3.9334
41.1222 -69.6066 3.93641
40.2848 -70.158 3.92932
39.7314 -70.7296 3.93672
39.1981 -71.297 3.94003
38.8094 -71.7936 3.93592
38.2939 -72.4094 3.93093
37.7092 -72.9398 3.93662
37.1629 -73.4891 3.93531
36.7051 -73.9748 3.93932
36.1537 -74.5844 3.93459
35.6382 -75.1183 3.92812
35.1975 -75.6447 3.92653
34.4574 -76.0439 3.9208
34.0313 -76.6403 3.91059
33.2732 -77.2665 3.90988
32.6286 -77.7307 3.89978
32.1903 -78.0891 3.90271
31.7276 -78.6971 3.89405
31.0255 -79.218 3.88734
30.6779 -79.9666 3.88595
30.0709 -80.4256 3.88121
29.4135 -81.0706 3.87808
28.8632 -81.4658 3.87408
28.2934 -81.8099 3.86101
27.6257 -82.226 3.85469
27.4082 -82.7987 3.84971
26.6038 -83.3842 3.84254
26.0215 -83.9382 3.834
25.5911 -84.326 3.82474
24.9817 -84.6441 3.81633
24.1879 -84.9888 3.80269
23.7119 -85.6627 3.79223
23.0952 -86.1796 3.7874
22.4956 -86.4114 3.77596
21.6928 -86.7951 3.75343
21.0356 -87.3242 3.74103
20.5758 -87.6971 3.72818
19.9473 -88.2231 3.71876
19.3744 -88.5351 3.70709
18.4768 -88.667 3.68479
17.7666 -89.3047 3.67728
17.2688 -89.7991 3.65746
16.6681 -89.9425 3.65047
15.9376 -90.3912 3.63253
15.3372 -90.5688 3.6151
14.6682 -90.9293 3.61161
14.0221 -91.1787 3.58942
13.4372 -91.525 3.58197
12.7105 -91.9175 3.5684
12.1845 -91.9821 3.54892
11.6498 -92.3127 3.53258
10.7687 -92.6719 3.50556
10.1232 -92.7942 3.49263
9.65035 -93.0531 3.48339
8.81794 -93.2704 3.46015
8.19365 -93.2711 3.44851
7.65912 -93.6953 3.42235
6.94084 -93.62 3.41057
6.18769 -93.8428 3.3834
5.73909 -93.7993 3.37432
5.28849 -93.968 3.35598
4.39874 -94.1845 3.32719
3.59989 -94.1268 3.30818
3.10731 -94.5957 3.29961
2.54787 -94.3857 3.27261
1.77052 -94.2527 3.25908
1.37197 -94.4924 3.24894
0.565532 -94.4959 3.21874
-0.133591 -94.5699 3.19904
-0.611208 -94.7432 3.18385
-1.39397 -94.6765 3.16637
-2.00416 -94.7594 3.15415
-2.60879 -94.655 3.13736
-3.24297 -94.7252 3.11752
-3.76756 -94.5983 3.10944
-4.47877 -94.5191 3.09399
-5.15007 -94.6666 3.08194
-5.71138 -94.37 3.06884
-6.60303 -94.3125 3.04541
-7.31047 -94.2522 3.03433
-7.87009 -94.0999 3.0107
-8.48589 -94.1016 3.00879
-9.18684 -93.7717 2.9885
-9.65677 -93.8808 2.98186
-10.5091 -93.5669 2.96317
-11.2267 -93.475 2.9468
-11.7641 -93.3142 2.93838
-12.422 -93.1815 2.92506
-13.0558 -93.1668 2.91007
-13.5908 -92.8143 2.89793
-14.4479 -92.8994 2.88295
-14.8545 -92.5991 2.86826
-15.5957 -92.4532 2.85032
-16.2662 -92.2727 2.83407
-17.0686 -92.0194 2.81774
-17.6313 -91.6173 2.80547
-18.2849 -91.413 2.78176
-19.0229 -91.3558 2.76344
-19.353 -90.899 2.74908
-19.9769 -90.7072 2.73506
-20.7376 -90.1333 2.71283
-21.4542 -89.9992 2.69188
-21.901 -89.856 2.67861
-22.4699 -89.5056 2.66511
-23.1821 -89.2578 2.65191
-23.6715 -88.6926 2.62931
-24.4848 -88.196 2.60583
-24.9124 -87.9473 2.59701
-25.5288 -87.309 2.57133
-26.1563 -87.1685 2.55455
-26.5339 -86.8193 2.54127
-27.0146 -86.3089 2.52704
-27.5878 -85.7942 2.50159
-28.1331 -85.4032 2.47699
-28.7727 -85.0795 2.47061
-29.3647 -84.5233 2.43424
-29.7373 -84.1665 2.42091
-30.2536 -83.7187 2.40065
-30.6994 -83.2906 2.37894
-31.2427 -82.9201 2.36057
-31.8539 -82.3233 2.34996
-32.4232 -82.0303 2.32043
-32.6434 -81.2887 2.30522
-32.9836 -80.6422 2.26987
-33.3428 -80.2256 2.26524
-34.1028 -79.7921 2.23511
-34.36 -79.0415 2.21364
-34.5084 -78.2452 2.19376
-35.1234 -77.8105 2.17321
-35.4927 -77.2256 2.15286
-35.8066 -76.7888 2.13687
-36.4125 -76.0814 2.11575
-36.4108 -75.298 2.09108
-36.6858 -74.6878 2.07132
-37.1117 -73.9856 2.03771
-37.3191 -73.3646 2.01913
-37.79 -72.9607 1.99959
-38.0217 -72.1318 1.98351
-38.2298 -71.4868 1.95368
-38.437 -70.8296 1.93231
-38.6817 -70.1578 1.92052
-38.9258 -69.4371 1.89447
-39.117 -68.6269 1.87438
-39.446 -68.1715 1.85757
-39.626 -67.2931 1.83517
-39.6829 -66.5088 1.81765
-39.9137 -65.9047 1.80817
-40.2131 -65.1027 1.78644
-40.2175 -64.4433 1.77879
-40.3249 -63.5946 1.75958
-40.5251 -63.0263 1.74678
-40.4768 -62.1523 1.73352
-40.5351 -61.3801 1.71665
-40.7128 -60.689 1.70184
-40.693 -60.0162 1.69476
-40.6644 -59.2178 1.67902
-40.8795 -58.5501 1.6686
-40.895 -57.6499 1.65367
-40.8376 -56.7681 1.6444
-40.8381 -56.1182 1.64231
-41.0456 -55.3951 1.62978
-41.1286 -54.7731 1.62463
-41.1359 -54.1378 1.6232
-41.2229 -53.1429 1.6117
-41.2795 -52.3221 1.60076
-41.3538 -51.7586 1.59716
-41.0951 -51.0345 1.58981
-41.3869 -49.9893 1.57739
-41.2138 -49.1883 1.56681
-41.124 -48.5209 1.56766
-41.2861 -47.7224 1.55414
-41.0952 -47.5684 1.53691
